Martin Lukeš                                   ULOHA 209 postup reseni


priklad 1
Mame rovnice: x= 57 mod(61)
Mame rovnice: x= 2 mod(49)
Mame rovnice: x= 39 mod(41)
Mame rovnice: x= 8 mod(39)
Mame rovnice: x= 24 mod(38)

Overime, jestli gcd dvojic modulu je 1
GCD(61,49)=1
GCD(61,41)=1
GCD(61,39)=1
GCD(61,38)=1
GCD(49,41)=1
GCD(49,39)=1
GCD(49,38)=1
GCD(41,39)=1
GCD(41,38)=1
GCD(39,38)=1

Modul M: 181617618 je modulem soustavy, ve ktere existuje podle cinske vety jednoznacne reseni. 
Pomoci vzorce pro cinskou vetu: x = M/m1 * (N1)+ M/m2 * (N2) + .. + M/m4 * (N4)
Inverze- N1=2977338, N2=3706482, N3=4429698, N4=4656862, N5=4779411

x=11730089912 mod(181617618)
Hledame pate nejmensi cislo, ktere vyhovuje temto podminkam, nejmensi takove je 106562360 takze pate nejmensi ziskame prictenim 4*M = 833032832

Pocitame 2. priklad:
--------------------------------------------------
23 37  8 20 37 
33  3 22 14 24 
30 22 16 37  3 
23 28  4  3 15 
 5 20 35 32 19 
--------------------------------------------------
Hledame inverzni matici k tomuto sifrovacimu klici.
--------------------------------------------------
 1 33  2 24 33  5  0  0  0  0 
 0 16 32 20 37 25  1  0  0  0 
30 22 16 37  3  0  0  1  0  0 
23 28  4  3 15  0  0  0  1  0 
 5 20 35 32 19  0  0  0  0  1 
--------------------------------------------------
--------------------------------------------------
 1 33  2 24 33  5  0  0  0  0 
 0 16 32 20 37 25  1  0  0  0 
 0 20 32  1  1  2  0  1  0  0 
23 28  4  3 15  0  0  0  1  0 
 5 20 35 32 19  0  0  0  0  1 
--------------------------------------------------
--------------------------------------------------
 1 33  2 24 33  5  0  0  0  0 
 0 16 32 20 37 25  1  0  0  0 
 0 20 32  1  1  2  0  1  0  0 
 0 29 34 21 16 37  0  0  1  0 
 5 20 35 32 19  0  0  0  0  1 
--------------------------------------------------
--------------------------------------------------
 1 33  2 24 33  5  0  0  0  0 
 0 16 32 20 37 25  1  0  0  0 
 0 20 32  1  1  2  0  1  0  0 
 0 29 34 21 16 37  0  0  1  0 
 0  7 25 26  6 13  0  0  0  1 
--------------------------------------------------
--------------------------------------------------
 1 33  2 24 33  5  0  0  0  0 
 0  1  9 20 28 29  0  0  0 11 
 0  0  4 19 11 30  0  1  0  8 
 0 16 32 20 37 25  1  0  0  0 
 0 29 34 21 16 37  0  0  1  0 
--------------------------------------------------
--------------------------------------------------
 1 33  2 24 33  5  0  0  0  0 
 0  1  9 20 28 29  0  0  0 11 
 0  0  4 19 11 30  0  1  0  8 
 0  0  2  4  7 17  1  0  0 14 
 0 29 34 21 16 37  0  0  1  0 
--------------------------------------------------
--------------------------------------------------
 1 33  2 24 33  5  0  0  0  0 
 0  1  9 20 28 29  0  0  0 11 
 0  0  4 19 11 30  0  1  0  8 
 0  0  2  4  7 17  1  0  0 14 
 0  0  1 11  2 32  0  0  1 23 
--------------------------------------------------
--------------------------------------------------
 1 33  2 24 33  5  0  0  0  0 
 0  1  9 20 28 29  0  0  0 11 
 0  0  1 11  2 32  0  0  1 23 
 0  0  0 20  3 29  1  0 36  6 
 0  0  4 19 11 30  0  1  0  8 
--------------------------------------------------
--------------------------------------------------
 1 33  2 24 33  5  0  0  0  0 
 0  1  9 20 28 29  0  0  0 11 
 0  0  1 11  2 32  0  0  1 23 
 0  0  0 20  3 29  1  0 36  6 
 0  0  0 13  3 16  0  1 34 30 
--------------------------------------------------
--------------------------------------------------
 1 33  2 24 33  5  0  0  0  0 
 0  1  9 20 28 29  0  0  0 11 
 0  0  1 11  2 32  0  0  1 23 
 0  0  0  1  9 10  0  3 26 14 
 0  0  0  0 13 19  1 16 10 30 
--------------------------------------------------
--------------------------------------------------
 1 33  2 24 33  5  0  0  0  0 
 0  1  9 20 28 29  0  0  0 11 
 0  0  1 11  2 32  0  0  1 23 
 0  0  0  1  0 29 11 27 22  2 
 0  0  0  0  1 19  3 10 30 14 
--------------------------------------------------
--------------------------------------------------
 1 33  2 24 33  5  0  0  0  0 
 0  1  9 20 28 29  0  0  0 11 
 0  0  1 11  0 32 32 18 17 33 
 0  0  0  1  0 29 11 27 22  2 
 0  0  0  0  1 19  3 10 30 14 
--------------------------------------------------
--------------------------------------------------
 1 33  2 24 33  5  0  0  0  0 
 0  1  9 20  0 29 30 24 34 37 
 0  0  1 11  0 32 32 18 17 33 
 0  0  0  1  0 29 11 27 22  2 
 0  0  0  0  1 19  3 10 30 14 
--------------------------------------------------
--------------------------------------------------
 1 33  2 24  0 24 15 12 36 32 
 0  1  9 20  0 29 30 24 34 37 
 0  0  1 11  0 32 32 18 17 33 
 0  0  0  1  0 29 11 27 22  2 
 0  0  0  0  1 19  3 10 30 14 
--------------------------------------------------
--------------------------------------------------
 1 33  2 24  0 24 15 12 36 32 
 0  1  9 20  0 29 30 24 34 37 
 0  0  1  0  0 17 25 25  3 11 
 0  0  0  1  0 29 11 27 22  2 
 0  0  0  0  1 19  3 10 30 14 
--------------------------------------------------
--------------------------------------------------
 1 33  2 24  0 24 15 12 36 32 
 0  1  9  0  0 19  0 16 12 35 
 0  0  1  0  0 17 25 25  3 11 
 0  0  0  1  0 29 11 27 22  2 
 0  0  0  0  1 19  3 10 30 14 
--------------------------------------------------
--------------------------------------------------
 1 33  2  0  0 12 17 10  2 22 
 0  1  9  0  0 19  0 16 12 35 
 0  0  1  0  0 17 25 25  3 11 
 0  0  0  1  0 29 11 27 22  2 
 0  0  0  0  1 19  3 10 30 14 
--------------------------------------------------
--------------------------------------------------
 1 33  2  0  0 12 17 10  2 22 
 0  1  0  0  0 18  3 19 23 12 
 0  0  1  0  0 17 25 25  3 11 
 0  0  0  1  0 29 11 27 22  2 
 0  0  0  0  1 19  3 10 30 14 
--------------------------------------------------
--------------------------------------------------
 1 33  0  0  0 16  5 36 34  0 
 0  1  0  0  0 18  3 19 23 12 
 0  0  1  0  0 17 25 25  3 11 
 0  0  0  1  0 29 11 27 22  2 
 0  0  0  0  1 19  3 10 30 14 
--------------------------------------------------
--------------------------------------------------
 1  0  0  0  0 30 20 17 35 22 
 0  1  0  0  0 18  3 19 23 12 
 0  0  1  0  0 17 25 25  3 11 
 0  0  0  1  0 29 11 27 22  2 
 0  0  0  0  1 19  3 10 30 14 
--------------------------------------------------
--------------------------------------------------
30 20 17 35 22 
18  3 19 23 12 
17 25 25  3 11 
29 11 27 22  2 
19  3 10 30 14 
--------------------------------------------------




















Desifrovana zprava
--------------------------------------------------
10 
 9 
20 
18 
15 
--------------------------------------------------
Desifrovana prvni zprava:
jitro
--------------------------------------------------------------

Data pro dalsi vypocet:
--------------------------------------------------
 9 
 6 
 5 
 2 
 5 
--------------------------------------------------


Uloha 3 
Pouzijeme Fermatuv Faktorizacni algoritmus k nalezeni rozkladu cisla na dve 
prvocisla(. znaci pokracovani cisla na dalsim radku)
 
t = 919801739719284969413875444811452631013719647897400304541041968614079682222.
0744156921994237453980183
x = t*t - n
x = 9163237527176357006569142903120797645120534758400
s = odmocnina(x) = 3027083997377072621653280
x je presne druha mocnina cisla 3027083997377072621653280
a = t + s = 9198017397192849694138754448114526310137196478974003045410419686140.
796822220744156921994237453980183 + 3027083997377072621653280 =
= 91980173971928496941387544481145263101371964789740030454104196861407968222237.
71240919371310075633463
b = t - s = 9198017397192849694138754448114526310137196478974003045410419686140.
796822220744156921994237453980183 - 3027083997377072621653280 = 
= 91980173971928496941387544481145263101371964789740030454104196861407968222177.
17072924617164832326903


a, b jsou prvocisla, takze Eulerova funkce bude soucinem o jedna nizsich cisel.

fi = (a-1)*(b-1) = 919801739719284969413875444811452631013719647897400304541041.
9686140796822223771240919371310075633462*91980173971928496941387544481145263101.
37196478974003045410419686140796822217717072924617164832326902 = 
=846035240390623252924259756958665048398516046894214310967103136780423971170401.
7589275178644913706994663672593427958002247455633551219582989763651972274335214.
2668105813514900988076055440875153113994724


D = inverze(E) mod fi
D = inverze(1632791988377000748475174684437977532367097307016210424846049528041.
115257776462404103021141134828851) mod 8460352403906232529242597569586650483985.
1604689421431096710313678042397117040175892751786449137069946636725934279580022.
4745563355121958298976365197227433521426681058135149009880760554408751531139947.
24
D = 430386072736970493766426249963718314731680197417838197702440361733825732761.
7342275849006698725766510401225631518685001637829197390251079266337231900478820.
7845968463860462433709987180165629531505368355
PuvodniZprava = zprava^D mod N

PuvodniZprava = 598959798139271777469675154583707036749048626882999437113857485.
3238579287523012364759505752650789801965240048793058502452323154189735777785127.
6904956255059416439969550844124371563287903787390386940659^43038607273697049376.
6426249963718314731680197417838197702440361733825732761734227584900669872576651.
0401225631518685001637829197390251079266337231900478820784596846386046243370998.
7180165629531505368355 mod 
8460352403906232529242597569586650483985160468942143109671031367804239711704017.
5892751786449137069965032760728665279410752065231741.24845017202947767074944296.
3507478095108545429564369284863628021955089
PuvodniZprava = 171580056564935150161039267221476822674881544208109242696727933.
5973182886184228493852482531095526041349458863509700902258340927414689950433149.
941147150059439527528982893
Prevedenim na ASCII znaky ziskame text
Desifrovana zprava:miss Dubedat? Yes, do bedad. And she did bedad. Huguenot name I expect