JPEXS Resitel domacich ukolu z Y01DMA v 1.2.2
===========================================
----- Priklad 1 --------
Reseni bude v ZM, kde M = 61*49*41*39*38 = 181617618
x = 57*(49*41*39*38*a0) + 2*(61*41*39*38*a1) + 39*(61*49*39*38*a2) + 8*(61*49*41*38*a3) + 24*(61*49*41*39*a4)
a0 = inverze(49*41*39*38) mod 61 = inverze(50) mod 61 = 11
a1 = inverze(61*41*39*38) mod 49 = inverze(24) mod 49 = 47
a2 = inverze(61*49*39*38) mod 41 = inverze(17) mod 41 = 29
a3 = inverze(61*49*41*38) mod 39 = inverze(28) mod 39 = 7
a4 = inverze(61*49*41*39) mod 38 = inverze(37) mod 38 = 37
x = 57*(49*41*39*38*11) + 2*(61*41*39*38*47) + 39*(61*49*39*38*29) + 8*(61*49*41*38*7) + 24*(61*49*41*39*37)
x = 11730089912 = 106562360 mod 181617618
x = x + 4*M   (hleda se 5. nejmensi reseni)
x = 106562360 + 4*181617618 = 833032832
c0=8
c1=33
c2=3
c3=28
c4=32
----- Priklad 2 --------
Sifrovaci klic
/23 37  8 20 37\
|33  3 22 14 24|
|30 22 16 37  3|
|23 28  4  3 15|
\ 5 20 35 32 19/
Pocitam inverzni matici
Rozsiruji matici o jednotkovou smerem vpravo
/23 37  8 20 37  1  0  0  0  0\
|33  3 22 14 24  0  1  0  0  0|
|30 22 16 37  3  0  0  1  0  0|
|23 28  4  3 15  0  0  0  1  0|
\ 5 20 35 32 19  0  0  0  0  1/

Upravuji na trojuhelnikovou matici
Nasobim radek 1 cislem 5
/ 1 33  2 24 33  5  0  0  0  0\
|33  3 22 14 24  0  1  0  0  0|
|30 22 16 37  3  0  0  1  0  0|
|23 28  4  3 15  0  0  0  1  0|
\ 5 20 35 32 19  0  0  0  0  1/

Odecitam 33krat radek 1 od radku 2
/ 1 33  2 24 33  5  0  0  0  0\
| 0 16 32 20 37 25  1  0  0  0|
|30 22 16 37  3  0  0  1  0  0|
|23 28  4  3 15  0  0  0  1  0|
\ 5 20 35 32 19  0  0  0  0  1/

Odecitam 30krat radek 1 od radku 3
/ 1 33  2 24 33  5  0  0  0  0\
| 0 16 32 20 37 25  1  0  0  0|
| 0 20 32  1  1  2  0  1  0  0|
|23 28  4  3 15  0  0  0  1  0|
\ 5 20 35 32 19  0  0  0  0  1/

Odecitam 23krat radek 1 od radku 4
/ 1 33  2 24 33  5  0  0  0  0\
| 0 16 32 20 37 25  1  0  0  0|
| 0 20 32  1  1  2  0  1  0  0|
| 0 29 34 21 16 37  0  0  1  0|
\ 5 20 35 32 19  0  0  0  0  1/

Odecitam 5krat radek 1 od radku 5
/ 1 33  2 24 33  5  0  0  0  0\
| 0 16 32 20 37 25  1  0  0  0|
| 0 20 32  1  1  2  0  1  0  0|
| 0 29 34 21 16 37  0  0  1  0|
\ 0  7 25 26  6 13  0  0  0  1/

Pricitam radek 4 k radku 2
/ 1 33  2 24 33  5  0  0  0  0\
| 0  7 28  3 15 24  1  0  1  0|
| 0 20 32  1  1  2  0  1  0  0|
| 0 29 34 21 16 37  0  0  1  0|
\ 0  7 25 26  6 13  0  0  0  1/

Nasobim radek 2 cislem 11
/ 1 33  2 24 33  5  0  0  0  0\
| 0  1  4 33 13 36 11  0 11  0|
| 0 20 32  1  1  2  0  1  0  0|
| 0 29 34 21 16 37  0  0  1  0|
\ 0  7 25 26  6 13  0  0  0  1/

Odecitam 20krat radek 2 od radku 3
/ 1 33  2 24 33  5  0  0  0  0\
| 0  1  4 33 13 36 11  0 11  0|
| 0  0 28 25  7  4  8  1  8  0|
| 0 29 34 21 16 37  0  0  1  0|
\ 0  7 25 26  6 13  0  0  0  1/

Odecitam 29krat radek 2 od radku 4
/ 1 33  2 24 33  5  0  0  0  0\
| 0  1  4 33 13 36 11  0 11  0|
| 0  0 28 25  7  4  8  1  8  0|
| 0  0 32 14 19 19 23  0 24  0|
\ 0  7 25 26  6 13  0  0  0  1/

Odecitam 7krat radek 2 od radku 5
/ 1 33  2 24 33  5  0  0  0  0\
| 0  1  4 33 13 36 11  0 11  0|
| 0  0 28 25  7  4  8  1  8  0|
| 0  0 32 14 19 19 23  0 24  0|
\ 0  0 35 23 29 27 37  0 37  1/

Pricitam radek 5 k radku 3
/ 1 33  2 24 33  5  0  0  0  0\
| 0  1  4 33 13 36 11  0 11  0|
| 0  0 25 10 36 31  7  1  7  1|
| 0  0 32 14 19 19 23  0 24  0|
\ 0  0 35 23 29 27 37  0 37  1/

Nasobim radek 3 cislem 35
/ 1 33  2 24 33  5  0  0  0  0\
| 0  1  4 33 13 36 11  0 11  0|
| 0  0  1  8  6 21 17 35 17 35|
| 0  0 32 14 19 19 23  0 24  0|
\ 0  0 35 23 29 27 37  0 37  1/

Odecitam 32krat radek 3 od radku 4
/ 1 33  2 24 33  5  0  0  0  0\
| 0  1  4 33 13 36 11  0 11  0|
| 0  0  1  8  6 21 17 35 17 35|
| 0  0  0 24 17 31 11 20 12 20|
\ 0  0 35 23 29 27 37  0 37  1/

Odecitam 35krat radek 3 od radku 5
/ 1 33  2 24 33  5  0  0  0  0\
| 0  1  4 33 13 36 11  0 11  0|
| 0  0  1  8  6 21 17 35 17 35|
| 0  0  0 24 17 31 11 20 12 20|
\ 0  0  0  9  9 14 12 29 12 30/

Pricitam radek 5 k radku 4
/ 1 33  2 24 33  5  0  0  0  0\
| 0  1  4 33 13 36 11  0 11  0|
| 0  0  1  8  6 21 17 35 17 35|
| 0  0  0 33 26  7 23 11 24 12|
\ 0  0  0  9  9 14 12 29 12 30/

Nasobim radek 4 cislem 15
/ 1 33  2 24 33  5  0  0  0  0\
| 0  1  4 33 13 36 11  0 11  0|
| 0  0  1  8  6 21 17 35 17 35|
| 0  0  0  1 10 29  3 13 18 28|
\ 0  0  0  9  9 14 12 29 12 30/

Odecitam 9krat radek 4 od radku 5
/ 1 33  2 24 33  5  0  0  0  0\
| 0  1  4 33 13 36 11  0 11  0|
| 0  0  1  8  6 21 17 35 17 35|
| 0  0  0  1 10 29  3 13 18 28|
\ 0  0  0  0 33 19 23 26  2  6/

Nasobim radek 5 cislem 15
/ 1 33  2 24 33  5  0  0  0  0\
| 0  1  4 33 13 36 11  0 11  0|
| 0  0  1  8  6 21 17 35 17 35|
| 0  0  0  1 10 29  3 13 18 28|
\ 0  0  0  0  1 19  3 10 30 14/

Provadim upravu na jednotkovou matici
Odecitam 10krat radek 5 od radku 4
/ 1 33  2 24 33  5  0  0  0  0\
| 0  1  4 33 13 36 11  0 11  0|
| 0  0  1  8  6 21 17 35 17 35|
| 0  0  0  1  0 29 11 27 22  2|
\ 0  0  0  0  1 19  3 10 30 14/

Odecitam 6krat radek 5 od radku 3
/ 1 33  2 24 33  5  0  0  0  0\
| 0  1  4 33 13 36 11  0 11  0|
| 0  0  1  8  0 21 37 13 27 27|
| 0  0  0  1  0 29 11 27 22  2|
\ 0  0  0  0  1 19  3 10 30 14/

Odecitam 13krat radek 5 od radku 2
/ 1 33  2 24 33  5  0  0  0  0\
| 0  1  4 33  0 17 10 22  1  8|
| 0  0  1  8  0 21 37 13 27 27|
| 0  0  0  1  0 29 11 27 22  2|
\ 0  0  0  0  1 19  3 10 30 14/

Odecitam 33krat radek 5 od radku 1
/ 1 33  2 24  0 24 15 12 36 32\
| 0  1  4 33  0 17 10 22  1  8|
| 0  0  1  8  0 21 37 13 27 27|
| 0  0  0  1  0 29 11 27 22  2|
\ 0  0  0  0  1 19  3 10 30 14/

Odecitam 8krat radek 4 od radku 3
/ 1 33  2 24  0 24 15 12 36 32\
| 0  1  4 33  0 17 10 22  1  8|
| 0  0  1  0  0 17 25 25  3 11|
| 0  0  0  1  0 29 11 27 22  2|
\ 0  0  0  0  1 19  3 10 30 14/

Odecitam 33krat radek 4 od radku 2
/ 1 33  2 24  0 24 15 12 36 32\
| 0  1  4  0  0 10 27  5 35 18|
| 0  0  1  0  0 17 25 25  3 11|
| 0  0  0  1  0 29 11 27 22  2|
\ 0  0  0  0  1 19  3 10 30 14/

Odecitam 24krat radek 4 od radku 1
/ 1 33  2  0  0 12 17 10  2 22\
| 0  1  4  0  0 10 27  5 35 18|
| 0  0  1  0  0 17 25 25  3 11|
| 0  0  0  1  0 29 11 27 22  2|
\ 0  0  0  0  1 19  3 10 30 14/

Odecitam 4krat radek 3 od radku 2
/ 1 33  2  0  0 12 17 10  2 22\
| 0  1  0  0  0 18  3 19 23 12|
| 0  0  1  0  0 17 25 25  3 11|
| 0  0  0  1  0 29 11 27 22  2|
\ 0  0  0  0  1 19  3 10 30 14/

Odecitam 2krat radek 3 od radku 1
/ 1 33  0  0  0 16  5 36 34  0\
| 0  1  0  0  0 18  3 19 23 12|
| 0  0  1  0  0 17 25 25  3 11|
| 0  0  0  1  0 29 11 27 22  2|
\ 0  0  0  0  1 19  3 10 30 14/

Odecitam 33krat radek 2 od radku 1
/ 1  0  0  0  0 30 20 17 35 22\
| 0  1  0  0  0 18  3 19 23 12|
| 0  0  1  0  0 17 25 25  3 11|
| 0  0  0  1  0 29 11 27 22  2|
\ 0  0  0  0  1 19  3 10 30 14/

Inverzni matice je prava cast vedle jednotkove matice.
/30 20 17 35 22\
|18  3 19 23 12|
|17 25 25  3 11|
|29 11 27 22  2|
\19  3 10 30 14/

Vysledna inverzni matice je klicem k desifrovani
Vynasobime-li tuto matici zasifrovanou zpravou, ziskame desifrovanou zpravu
Nasobime zpravou:
/ 4\
| 3|
| 9|
| 5|
\ 5/

Po vynasobeni:
/10\
| 9|
|20|
|18|
\15/

Zpravu prevedeme na pismena
Desifrovana 1. zprava:JITRO
Nyni stejnym zpusobem desifrujeme druhou zpravu
Desifrovacim klicem nasobime zpravu:
/10\
| 3|
| 1|
|20|
\ 5/

Po vynasobeni:
/ 9\
| 6|
| 5|
| 2|
\ 5/

Desifrovana 2. zprava:
r0=9
r1=6
r2=5
r3=2
r4=5
----- Priklad 3 --------
t = zaokrouhlitNahoru(odmocnina(n))
t = 9198017397192849694138754448114526310137196478974003045410419686140796822220744156921994237453980183
x = t*t - n
x = 9163237527176357006569142903120797645120534758400
s = odmocnina(x) = 3027083997377072621653280
x je presne druha mocnina cisla 3027083997377072621653280
a = t + s = 9198017397192849694138754448114526310137196478974003045410419686140796822220744156921994237453980183 + 3027083997377072621653280 = 9198017397192849694138754448114526310137196478974003045410419686140796822223771240919371310075633463
b = t - s = 9198017397192849694138754448114526310137196478974003045410419686140796822220744156921994237453980183 - 3027083997377072621653280 = 9198017397192849694138754448114526310137196478974003045410419686140796822217717072924617164832326903
fi = (a-1)*(b-1) = 9198017397192849694138754448114526310137196478974003045410419686140796822223771240919371310075633462*9198017397192849694138754448114526310137196478974003045410419686140796822217717072924617164832326902 = 84603524039062325292425975695866504839851604689421431096710313678042397117040175892751786449137069946636725934279580022474556335512195829897636519722743352142668105813514900988076055440875153113994724
D = inverze(E) mod fi
D = inverze(1632791988377000748475174684437977532367097307016210424846049528041115257776462404103021141134828851) mod 84603524039062325292425975695866504839851604689421431096710313678042397117040175892751786449137069946636725934279580022474556335512195829897636519722743352142668105813514900988076055440875153113994724
D = 43038607273697049376642624996371831473168019741783819770244036173382573276173422758490066987257665104012256315186850016378291973902510792663372319004788207845968463860462433709987180165629531505368355
PuvodniZprava = zprava^D mod N
PuvodniZprava = 59895979813927177746967515458370703674904862688299943711385748532385792875230123647595057526507898019652400487930585024523231541897357777851276904956255059416439969550844124371563287903787390386940659^43038607273697049376642624996371831473168019741783819770244036173382573276173422758490066987257665104012256315186850016378291973902510792663372319004788207845968463860462433709987180165629531505368355 mod 84603524039062325292425975695866504839851604689421431096710313678042397117040175892751786449137069965032760728665279410752065231741248450172029477670749442963507478095108545429564369284863628021955089
PuvodniZprava = 1715800565649351501610392672214768226748815442081092426967279335973182886184228493852482531095526041349458863509700902258340927414689950433149941147150059439527528982893
Prevedenim na ASCII znaky ziskame
Desifrovana zprava:miss Dubedat? Yes, do bedad. And she did bedad. Huguenot name I expect
